Theta;I
3.0000;80
3.0200;84
3.0400;84
3.0600;74
3.0800;68
3.1000;74
3.1200;78
3.1400;86
3.1600;80
3.1800;60
3.2000;78
3.2200;62
3.2400;80
3.2600;78
3.2800;68
3.3000;62
3.3200;64
3.3400;82
3.3600;70
3.3800;50
3.4000;52
3.4200;56
3.4400;56
3.4600;62
3.4800;62
3.5000;58
3.5200;46
3.5400;46
3.5600;48
3.5800;46
3.6000;58
3.6200;58
3.6400;64
3.6600;64
3.6800;56
3.7000;44
3.7200;50
3.7400;46
3.7600;50
3.7800;66
3.8000;60
3.8200;58
3.8400;66
3.8600;52
3.8800;42
3.9000;64
3.9200;52
3.9400;46
3.9600;56
3.9800;50
4.0000;58
4.0200;46
4.0400;48
4.0600;58
4.0800;54
4.1000;38
4.1200;38
4.1400;62
4.1600;48
4.1800;36
4.2000;38
4.2200;42
4.2400;46
4.2600;38
4.2800;56
4.3000;46
4.3200;46
4.3400;40
4.3600;44
4.3800;48
4.4000;42
4.4200;34
4.4400;52
4.4600;46
4.4800;34
4.5000;36
4.5200;54
4.5400;46
4.5600;46
4.5800;40
4.6000;38
4.6200;44
4.6400;46
4.6600;48
4.6800;36
4.7000;48
4.7200;46
4.7400;42
4.7600;38
4.7800;56
4.8000;32
4.8200;50
4.8400;38
4.8600;54
4.8800;42
4.9000;32
4.9200;54
4.9400;34
4.9600;54
4.9800;52
5.0000;44
5.0200;40
5.0400;38
5.0600;30
5.0800;38
5.1000;28
5.1200;40
5.1400;46
5.1600;50
5.1800;38
5.2000;28
5.2200;42
5.2400;32
5.2600;42
5.2800;48
5.3000;42
5.3200;24
5.3400;36
5.3600;46
5.3800;46
5.4000;34
5.4200;32
5.4400;42
5.4600;44
5.4800;38
5.5000;40
5.5200;28
5.5400;36
5.5600;32
5.5800;30
5.6000;28
5.6200;34
5.6400;28
5.6600;30
5.6800;38
5.7000;40
5.7200;40
5.7400;34
5.7600;36
5.7800;42
5.8000;42
5.8200;40
5.8400;30
5.8600;30
5.8800;48
5.9000;44
5.9200;56
5.9400;36
5.9600;34
5.9800;22
6.0000;26
6.0200;28
6.0400;40
6.0600;38
6.0800;32
6.1000;32
6.1200;42
6.1400;38
6.1600;24
6.1800;52
6.2000;36
6.2200;32
6.2400;28
6.2600;32
6.2800;32
6.3000;38
6.3200;18
6.3400;26
6.3600;32
6.3800;24
6.4000;30
6.4200;26
6.4400;34
6.4600;36
6.4800;26
6.5000;36
6.5200;40
6.5400;18
6.5600;34
6.5800;40
6.6000;38
6.6200;26
6.6400;26
6.6600;20
6.6800;30
6.7000;30
6.7200;28
6.7400;22
6.7600;36
6.7800;28
6.8000;26
6.8200;28
6.8400;34
6.8600;22
6.8800;22
6.9000;26
6.9200;28
6.9400;32
6.9600;26
6.9800;32
7.0000;28
7.0200;26
7.0400;26
7.0600;24
7.0800;26
7.1000;32
7.1200;26
7.1400;22
7.1600;32
7.1800;18
7.2000;26
7.2200;28
7.2400;28
7.2600;24
7.2800;38
7.3000;24
7.3200;30
7.3400;28
7.3600;20
7.3800;30
7.4000;28
7.4200;24
7.4400;26
7.4600;28
7.4800;40
7.5000;30
7.5200;30
7.5400;24
7.5600;28
7.5800;28
7.6000;40
7.6200;30
7.6400;30
7.6600;30
7.6800;26
7.7000;24
7.7200;24
7.7400;22
7.7600;34
7.7800;40
7.8000;28
7.8200;22
7.8400;34
7.8600;36
7.8800;14
7.9000;32
7.9200;26
7.9400;24
7.9600;30
7.9800;40
8.0000;28
8.0200;34
8.0400;38
8.0600;34
8.0800;28
8.1000;24
8.1200;32
8.1400;32
8.1600;32
8.1800;20
8.2000;32
8.2200;28
8.2400;38
8.2600;34
8.2800;24
8.3000;26
8.3200;24
8.3400;30
8.3600;14
8.3800;22
8.4000;28
8.4200;34
8.4400;22
8.4600;32
8.4800;36
8.5000;28
8.5200;28
8.5400;22
8.5600;34
8.5800;30
8.6000;16
8.6200;38
8.6400;28
8.6600;36
8.6800;16
8.7000;22
8.7200;28
8.7400;26
8.7600;26
8.7800;28
8.8000;24
8.8200;28
8.8400;28
8.8600;20
8.8800;26
8.9000;18
8.9200;26
8.9400;34
8.9600;24
8.9800;32
9.0000;30
9.0200;28
9.0400;32
9.0600;28
9.0800;38
9.1000;28
9.1200;28
9.1400;28
9.1600;26
9.1800;22
9.2000;34
9.2200;40
9.2400;30
9.2600;34
9.2800;24
9.3000;30
9.3200;32
9.3400;30
9.3600;24
9.3800;24
9.4000;36
9.4200;24
9.4400;22
9.4600;32
9.4800;28
9.5000;36
9.5200;28
9.5400;20
9.5600;42
9.5800;30
9.6000;36
9.6200;30
9.6400;28
9.6600;28
9.6800;32
9.7000;36
9.7200;32
9.7400;42
9.7600;32
9.7800;40
9.8000;36
9.8200;22
9.8400;28
9.8600;34
9.8800;30
9.9000;38
9.9200;40
9.9400;24
9.9600;24
9.9800;34
10.0000;28
10.0200;28
10.0400;28
10.0600;30
10.0800;30
10.1000;28
10.1200;32
10.1400;38
10.1600;24
10.1800;30
10.2000;22
10.2200;26
10.2400;26
10.2600;26
10.2800;36
10.3000;34
10.3200;22
10.3400;36
10.3600;40
10.3800;24
10.4000;30
10.4200;28
10.4400;32
10.4600;26
10.4800;28
10.5000;34
10.5200;40
10.5400;28
10.5600;34
10.5800;20
10.6000;34
10.6200;30
10.6400;36
10.6600;36
10.6800;34
10.7000;22
10.7200;32
10.7400;26
10.7600;28
10.7800;36
10.8000;36
10.8200;34
10.8400;32
10.8600;26
10.8800;38
10.9000;34
10.9200;40
10.9400;38
10.9600;28
10.9800;32
11.0000;42
11.0200;36
11.0400;34
11.0600;40
11.0800;40
11.1000;28
11.1200;30
11.1400;22
11.1600;28
11.1800;36
11.2000;32
11.2200;34
11.2400;28
11.2600;38
11.2800;28
11.3000;32
11.3200;44
11.3400;34
11.3600;34
11.3800;38
11.4000;36
11.4200;42
11.4400;42
11.4600;44
11.4800;50
11.5000;36
11.5200;44
11.5400;40
11.5600;34
11.5800;38
11.6000;30
11.6200;42
11.6400;52
11.6600;44
11.6800;44
11.7000;40
11.7200;40
11.7400;50
11.7600;46
11.7800;54
11.8000;36
11.8200;36
11.8400;32
11.8600;40
11.8800;46
11.9000;58
11.9200;44
11.9400;48
11.9600;54
11.9800;48
12.0000;58
12.0200;46
12.0400;46
12.0600;48
12.0800;54
12.1000;44
12.1200;44
12.1400;62
12.1600;54
12.1800;52
12.2000;48
12.2200;54
12.2400;40
12.2600;54
12.2800;44
12.3000;36
12.3200;62
12.3400;60
12.3600;38
12.3800;46
12.4000;50
12.4200;58
12.4400;46
12.4600;50
12.4800;44
12.5000;42
12.5200;46
12.5400;42
12.5600;46
12.5800;42
12.6000;44
12.6200;50
12.6400;46
12.6600;50
12.6800;50
12.7000;42
12.7200;28
12.7400;48
12.7600;38
12.7800;20
12.8000;34
12.8200;30
12.8400;40
12.8600;40
12.8800;30
12.9000;32
12.9200;38
12.9400;28
12.9600;48
12.9800;40
13.0000;24
13.0200;40
13.0400;32
13.0600;32
13.0800;34
13.1000;28
13.1200;36
13.1400;48
13.1600;26
13.1800;42
13.2000;30
13.2200;38
13.2400;48
13.2600;38
13.2800;38
13.3000;40
13.3200;38
13.3400;30
13.3600;36
13.3800;32
13.4000;34
13.4200;38
13.4400;26
13.4600;30
13.4800;32
13.5000;48
13.5200;42
13.5400;44
13.5600;40
13.5800;34
13.6000;34
13.6200;38
13.6400;28
13.6600;32
13.6800;34
13.7000;44
13.7200;30
13.7400;42
13.7600;36
13.7800;40
13.8000;36
13.8200;50
13.8400;40
13.8600;40
13.8800;46
13.9000;42
13.9200;40
13.9400;34
13.9600;22
13.9800;28
14.0000;34
14.0200;40
14.0400;40
14.0600;40
14.0800;36
14.1000;46
14.1200;36
14.1400;34
14.1600;46
14.1800;40
14.2000;38
14.2200;34
14.2400;32
14.2600;48
14.2800;26
14.3000;40
14.3200;42
14.3400;32
14.3600;32
14.3800;34
14.4000;38
14.4200;32
14.4400;42
14.4600;34
14.4800;40
14.5000;46
14.5200;52
14.5400;36
14.5600;32
14.5800;40
14.6000;40
14.6200;44
14.6400;38
14.6600;52
14.6800;28
14.7000;44
14.7200;36
14.7400;38
14.7600;28
14.7800;38
14.8000;50
14.8200;38
14.8400;32
14.8600;44
14.8800;42
14.9000;46
14.9200;54
14.9400;40
14.9600;40
14.9800;34
15.0000;44
15.0200;42
15.0400;52
15.0600;46
15.0800;30
15.1000;36
15.1200;46
15.1400;46
15.1600;44
15.1800;32
15.2000;40
15.2200;50
15.2400;38
15.2600;46
15.2800;36
15.3000;34
15.3200;44
15.3400;52
15.3600;52
15.3800;36
15.4000;28
15.4200;52
15.4400;34
15.4600;42
15.4800;34
15.5000;42
15.5200;44
15.5400;32
15.5600;40
15.5800;40
15.6000;54
15.6200;48
15.6400;28
15.6600;52
15.6800;34
15.7000;42
15.7200;40
15.7400;42
15.7600;42
15.7800;50
15.8000;40
15.8200;38
15.8400;58
15.8600;34
15.8800;40
15.9000;52
15.9200;44
15.9400;36
15.9600;44
15.9800;54
16.0000;46
16.0200;46
16.0400;48
16.0600;44
16.0800;44
16.1000;46
16.1200;46
16.1400;52
16.1600;64
16.1800;46
16.2000;52
16.2200;40
16.2400;46
16.2600;54
16.2800;40
16.3000;44
16.3200;40
16.3400;54
16.3600;44
16.3800;42
16.4000;64
16.4200;50
16.4400;44
16.4600;34
16.4800;54
16.5000;58
16.5200;64
16.5400;32
16.5600;44
16.5800;54
16.6000;48
16.6200;38
16.6400;54
16.6600;44
16.6800;50
16.7000;46
16.7200;50
16.7400;46
16.7600;48
16.7800;52
16.8000;42
16.8200;40
16.8400;44
16.8600;42
16.8800;40
16.9000;74
16.9200;42
16.9400;62
16.9600;52
16.9800;52
17.0000;66
17.0200;60
17.0400;50
17.0600;52
17.0800;40
17.1000;44
17.1200;64
17.1400;48
17.1600;54
17.1800;56
17.2000;40
17.2200;62
17.2400;48
17.2600;78
17.2800;56
17.3000;44
17.3200;48
17.3400;50
17.3600;54
17.3800;60
17.4000;74
17.4200;62
17.4400;42
17.4600;54
17.4800;44
17.5000;52
17.5200;58
17.5400;58
17.5600;58
17.5800;66
17.6000;40
17.6200;56
17.6400;58
17.6600;62
17.6800;66
17.7000;44
17.7200;54
17.7400;58
17.7600;56
17.7800;64
17.8000;68
17.8200;64
17.8400;54
17.8600;70
17.8800;66
17.9000;66
17.9200;60
17.9400;66
17.9600;80
17.9800;54
18.0000;70
18.0200;70
18.0400;52
18.0600;54
18.0800;50
18.1000;72
18.1200;64
18.1400;68
18.1600;52
18.1800;56
18.2000;70
18.2200;70
18.2400;56
18.2600;60
18.2800;80
18.3000;74
18.3200;68
18.3400;80
18.3600;72
18.3800;60
18.4000;64
18.4200;68
18.4400;74
18.4600;72
18.4800;62
18.5000;66
18.5200;66
18.5400;56
18.5600;62
18.5800;78
18.6000;68
18.6200;72
18.6400;74
18.6600;86
18.6800;76
18.7000;76
18.7200;82
18.7400;78
18.7600;84
18.7800;88
18.8000;62
18.8200;82
18.8400;100
18.8600;70
18.8800;74
18.9000;96
18.9200;92
18.9400;78
18.9600;64
18.9800;78
19.0000;78
19.0200;96
19.0400;80
19.0600;72
19.0800;96
19.1000;86
19.1200;92
19.1400;106
19.1600;84
19.1800;88
19.2000;78
19.2200;88
19.2400;116
19.2600;98
19.2800;112
19.3000;116
19.3200;116
19.3400;106
19.3600;122
19.3800;130
19.4000;120
19.4200;128
19.4400;124
19.4600;132
19.4800;112
19.5000;140
19.5200;128
19.5400;152
19.5600;150
19.5800;150
19.6000;146
19.6200;134
19.6400;148
19.6600;146
19.6800;142
19.7000;166
19.7200;152
19.7400;152
19.7600;144
19.7800;172
19.8000;162
19.8200;160
19.8400;156
19.8600;156
19.8800;180
19.9000;210
19.9200;196
19.9400;186
19.9600;192
19.9800;176
20.0000;208
20.0200;176
20.0400;182
20.0600;156
20.0800;158
20.1000;176
20.1200;170
20.1400;184
20.1600;172
20.1800;172
20.2000;162
20.2200;154
20.2400;190
20.2600;164
20.2800;138
20.3000;178
20.3200;154
20.3400;152
20.3600;166
20.3800;166
20.4000;136
20.4200;154
20.4400;134
20.4600;154
20.4800;136
20.5000;154
20.5200;156
20.5400;138
20.5600;124
20.5800;114
20.6000;118
20.6200;144
20.6400;130
20.6600;124
20.6800;118
20.7000;130
20.7200;116
20.7400;130
20.7600;112
20.7800;124
20.8000;124
20.8200;116
20.8400;114
20.8600;116
20.8800;126
20.9000;132
20.9200;106
20.9400;120
20.9600;120
20.9800;124
21.0000;116
21.0200;138
21.0400;118
21.0600;94
21.0800;122
21.1000;114
21.1200;104
21.1400;106
21.1600;108
21.1800;106
21.2000;138
21.2200;134
21.2400;120
21.2600;130
21.2800;110
21.3000;126
21.3200;124
21.3400;134
21.3600;152
21.3800;128
21.4000;108
21.4200;130
21.4400;132
21.4600;136
21.4800;122
21.5000;134
21.5200;136
21.5400;154
21.5600;148
21.5800;146
21.6000;160
21.6200;160
21.6400;152
21.6600;144
21.6800;140
21.7000;136
21.7200;154
21.7400;174
21.7600;160
21.7800;164
21.8000;152
21.8200;168
21.8400;172
21.8600;184
21.8800;170
21.9000;192
21.9200;160
21.9400;172
21.9600;154
21.9800;170
22.0000;162
22.0200;182
22.0400;204
22.0600;166
22.0800;196
22.1000;160
22.1200;156
22.1400;162
22.1600;190
22.1800;172
22.2000;166
22.2200;170
22.2400;160
22.2600;160
22.2800;180
22.3000;142
22.3200;174
22.3400;124
22.3600;156
22.3800;146
22.4000;158
22.4200;124
22.4400;146
22.4600;156
22.4800;120
22.5000;130
22.5200;138
22.5400;114
22.5600;116
22.5800;118
22.6000;102
22.6200;132
22.6400;120
22.6600;96
22.6800;108
22.7000;126
22.7200;122
22.7400;102
22.7600;102
22.7800;86
22.8000;116
22.8200;88
22.8400;112
22.8600;92
22.8800;108
22.9000;112
22.9200;80
22.9400;118
22.9600;94
22.9800;90
23.0000;108
23.0200;74
23.0400;96
23.0600;86
23.0800;82
23.1000;84
23.1200;90
23.1400;84
23.1600;86
23.1800;96
23.2000;94
23.2200;104
23.2400;106
23.2600;94
23.2800;70
23.3000;86
23.3200;106
23.3400;88
23.3600;100
23.3800;80
23.4000;92
23.4200;80
23.4400;86
23.4600;74
23.4800;94
23.5000;88
23.5200;88
23.5400;108
23.5600;86
23.5800;96
23.6000;76
23.6200;72
23.6400;74
23.6600;90
23.6800;74
23.7000;82
23.7200;98
23.7400;88
23.7600;90
23.7800;82
23.8000;92
23.8200;84
23.8400;80
23.8600;86
23.8800;90
23.9000;60
23.9200;70
23.9400;60
23.9600;80
23.9800;78
24.0000;68
24.0200;80
24.0400;78
24.0600;84
24.0800;74
24.1000;78
24.1200;78
24.1400;78
24.1600;70
24.1800;90
24.2000;76
24.2200;74
24.2400;80
24.2600;88
24.2800;84
24.3000;76
24.3200;80
24.3400;82
24.3600;82
24.3800;82
24.4000;98
24.4200;78
24.4400;72
24.4600;90
24.4800;74
24.5000;78
24.5200;88
24.5400;92
24.5600;82
24.5800;86
24.6000;78
24.6200;66
24.6400;78
24.6600;76
24.6800;70
24.7000;68
24.7200;74
24.7400;84
24.7600;82
24.7800;90
24.8000;86
24.8200;90
24.8400;74
24.8600;76
24.8800;80
24.9000;72
24.9200;82
24.9400;84
24.9600;78
24.9800;78
25.0000;68
25.0200;88
25.0400;80
25.0600;70
25.0800;72
25.1000;74
25.1200;68
25.1400;66
25.1600;80
25.1800;94
25.2000;84
25.2200;100
25.2400;86
25.2600;80
25.2800;80
25.3000;76
25.3200;68
25.3400;68
25.3600;74
25.3800;80
25.4000;82
25.4200;76
25.4400;68
25.4600;88
25.4800;76
25.5000;74
25.5200;74
25.5400;92
25.5600;92
25.5800;74
25.6000;76
25.6200;94
25.6400;70
25.6600;94
25.6800;74
25.7000;90
25.7200;70
25.7400;70
25.7600;90
25.7800;82
25.8000;80
25.8200;92
25.8400;94
25.8600;72
25.8800;94
25.9000;72
25.9200;88
25.9400;74
25.9600;82
25.9800;68
26.0000;76
26.0200;76
26.0400;78
26.0600;88
26.0800;62
26.1000;88
26.1200;86
26.1400;74
26.1600;78
26.1800;76
26.2000;96
26.2200;88
26.2400;78
26.2600;78
26.2800;78
26.3000;62
26.3200;70
26.3400;78
26.3600;74
26.3800;82
26.4000;60
26.4200;70
26.4400;80
26.4600;82
26.4800;70
26.5000;78
26.5200;72
26.5400;94
26.5600;94
26.5800;74
26.6000;84
26.6200;78
26.6400;76
26.6600;78
26.6800;70
26.7000;68
26.7200;86
26.7400;98
26.7600;62
26.7800;54
26.8000;76
26.8200;72
26.8400;66
26.8600;76
26.8800;78
26.9000;90
26.9200;74
26.9400;58
26.9600;66
26.9800;70
27.0000;60
27.0200;62
27.0400;84
27.0600;76
27.0800;74
27.1000;76
27.1200;82
27.1400;86
27.1600;82
27.1800;84
27.2000;90
27.2200;64
27.2400;56
27.2600;70
27.2800;90
27.3000;78
27.3200;68
27.3400;58
27.3600;78
27.3800;82
27.4000;74
27.4200;66
27.4400;64
27.4600;76
27.4800;60
27.5000;66
27.5200;72
27.5400;78
27.5600;74
27.5800;68
27.6000;68
27.6200;58
27.6400;64
27.6600;70
27.6800;72
27.7000;66
27.7200;76
27.7400;68
27.7600;76
27.7800;76
27.8000;78
27.8200;78
27.8400;94
27.8600;72
27.8800;64
27.9000;74
27.9200;76
27.9400;60
27.9600;78
27.9800;78
28.0000;66
28.0200;82
28.0400;80
28.0600;70
28.0800;76
28.1000;104
28.1200;84
28.1400;80
28.1600;76
28.1800;76
28.2000;84
28.2200;94
28.2400;78
28.2600;76
28.2800;82
28.3000;72
28.3200;86
28.3400;60
28.3600;76
28.3800;86
28.4000;80
28.4200;60
28.4400;72
28.4600;74
28.4800;68
28.5000;92
28.5200;60
28.5400;78
28.5600;68
28.5800;64
28.6000;78
28.6200;64
28.6400;68
28.6600;74
28.6800;84
28.7000;86
28.7200;76
28.7400;70
28.7600;80
28.7800;60
28.8000;64
28.8200;58
28.8400;70
28.8600;68
28.8800;68
28.9000;80
28.9200;74
28.9400;78
28.9600;60
28.9800;86
29.0000;70
29.0200;76
29.0400;66
29.0600;56
29.0800;76
29.1000;84
29.1200;92
29.1400;68
29.1600;62
29.1800;72
29.2000;80
29.2200;66
29.2400;72
29.2600;80
29.2800;76
29.3000;62
29.3200;88
29.3400;74
29.3600;64
29.3800;80
29.4000;78
29.4200;76
29.4400;70
29.4600;44
29.4800;64
29.5000;66
29.5200;62
29.5400;58
29.5600;64
29.5800;60
29.6000;82
29.6200;74
29.6400;52
29.6600;64
29.6800;64
29.7000;62
29.7200;78
29.7400;64
29.7600;74
29.7800;74
29.8000;62
29.8200;66
29.8400;50
29.8600;78
29.8800;80
29.9000;66
29.9200;62
29.9400;94
29.9600;72
29.9800;66
30.0000;70
30.0200;70
30.0400;64
30.0600;52
30.0800;58
30.1000;60
30.1200;78
30.1400;56
30.1600;50
30.1800;62
30.2000;68
30.2200;76
30.2400;62
30.2600;62
30.2800;64
30.3000;64
30.3200;56
30.3400;66
30.3600;64
30.3800;76
30.4000;58
30.4200;68
30.4400;54
30.4600;66
30.4800;78
30.5000;78
30.5200;56
30.5400;58
30.5600;58
30.5800;66
30.6000;62
30.6200;64
30.6400;66
30.6600;60
30.6800;54
30.7000;62
30.7200;62
30.7400;50
30.7600;58
30.7800;56
30.8000;60
30.8200;68
30.8400;52
30.8600;60
30.8800;62
30.9000;60
30.9200;64
30.9400;56
30.9600;60
30.9800;66
31.0000;48
31.0200;72
31.0400;66
31.0600;58
31.0800;72
31.1000;46
31.1200;58
31.1400;62
31.1600;66
31.1800;48
31.2000;66
31.2200;74
31.2400;48
31.2600;62
31.2800;58
31.3000;54
31.3200;76
31.3400;58
31.3600;66
31.3800;74
31.4000;56
31.4200;48
31.4400;60
31.4600;46
31.4800;58
31.5000;66
31.5200;54
31.5400;62
31.5600;58
31.5800;58
31.6000;58
31.6200;54
31.6400;56
31.6600;58
31.6800;54
31.7000;52
31.7200;44
31.7400;62
31.7600;60
31.7800;64
31.8000;66
31.8200;48
31.8400;58
31.8600;60
31.8800;66
31.9000;46
31.9200;50
31.9400;54
31.9600;62
31.9800;66
32.0000;60
32.0200;42
32.0400;54
32.0600;54
32.0800;62
32.1000;58
32.1200;60
32.1400;50
32.1600;56
32.1800;54
32.2000;42
32.2200;50
32.2400;62
32.2600;66
32.2800;56
32.3000;56
32.3200;56
32.3400;52
32.3600;58
32.3800;52
32.4000;64
32.4200;66
32.4400;54
32.4600;50
32.4800;66
32.5000;60
32.5200;60
32.5400;56
32.5600;48
32.5800;54
32.6000;62
32.6200;60
32.6400;56
32.6600;52
32.6800;52
32.7000;56
32.7200;56
32.7400;56
32.7600;54
32.7800;50
32.8000;66
32.8200;46
32.8400;50
32.8600;76
32.8800;50
32.9000;60
32.9200;48
32.9400;56
32.9600;44
32.9800;52
33.0000;52
33.0200;56
33.0400;68
33.0600;62
33.0800;48
33.1000;56
33.1200;64
33.1400;72
33.1600;52
33.1800;58
33.2000;70
33.2200;50
33.2400;72
33.2600;72
33.2800;48
33.3000;68
33.3200;66
33.3400;68
33.3600;64
33.3800;56
33.4000;48
33.4200;54
33.4400;78
33.4600;50
33.4800;58
33.5000;68
33.5200;52
33.5400;60
33.5600;50
33.5800;60
33.6000;48
33.6200;54
33.6400;58
33.6600;54
33.6800;58
33.7000;68
33.7200;60
33.7400;64
33.7600;62
33.7800;62
33.8000;44
33.8200;74
33.8400;66
33.8600;62
33.8800;70
33.9000;56
33.9200;56
33.9400;46
33.9600;70
33.9800;90
34.0000;52
34.0200;80
34.0400;72
34.0600;74
34.0800;52
34.1000;58
34.1200;72
34.1400;58
34.1600;66
34.1800;70
34.2000;76
34.2200;58
34.2400;50
34.2600;68
34.2800;66
34.3000;68
34.3200;76
34.3400;62
34.3600;52
34.3800;56
34.4000;56
34.4200;56
34.4400;56
34.4600;72
34.4800;70
34.5000;70
34.5200;66
34.5400;80
34.5600;58
34.5800;56
34.6000;54
34.6200;74
34.6400;74
34.6600;54
34.6800;52
34.7000;66
34.7200;66
34.7400;60
34.7600;66
34.7800;78
34.8000;66
34.8200;62
34.8400;54
34.8600;78
34.8800;62
34.9000;62
34.9200;68
34.9400;70
34.9600;76
34.9800;50
35.0000;48
35.0200;56
35.0400;62
35.0600;72
35.0800;62
35.1000;62
35.1200;68
35.1400;70
35.1600;72
35.1800;70
35.2000;72
35.2200;64
35.2400;48
35.2600;50
35.2800;60
35.3000;58
35.3200;60
35.3400;72
35.3600;54
35.3800;60
35.4000;60
35.4200;60
35.4400;60
35.4600;56
35.4800;60
35.5000;66
35.5200;52
35.5400;74
35.5600;48
35.5800;70
35.6000;64
35.6200;66
35.6400;46
35.6600;66
35.6800;66
35.7000;62
35.7200;64
35.7400;68
35.7600;58
35.7800;50
35.8000;68
35.8200;56
35.8400;66
35.8600;66
35.8800;62
35.9000;60
35.9200;58
35.9400;62
35.9600;60
35.9800;54
36.0000;52
36.0200;58
36.0400;54
36.0600;52
36.0800;72
36.1000;56
36.1200;62
36.1400;50
36.1600;60
36.1800;56
36.2000;58
36.2200;48
36.2400;40
36.2600;50
36.2800;52
36.3000;54
36.3200;72
36.3400;58
36.3600;66
36.3800;58
36.4000;44
36.4200;54
36.4400;52
36.4600;54
36.4800;44
36.5000;58
36.5200;54
36.5400;52
36.5600;68
36.5800;58
36.6000;48
36.6200;56
36.6400;58
36.6600;36
36.6800;72
36.7000;56
36.7200;58
36.7400;44
36.7600;40
36.7800;54
36.8000;46
36.8200;58
36.8400;58
36.8600;52
36.8800;60
36.9000;68
36.9200;52
36.9400;68
36.9600;52
36.9800;48
37.0000;44
37.0200;40
37.0400;58
37.0600;58
37.0800;48
37.1000;60
37.1200;56
37.1400;50
37.1600;54
37.1800;60
37.2000;50
37.2200;46
37.2400;58
37.2600;70
37.2800;52
37.3000;50
37.3200;40
37.3400;54
37.3600;38
37.3800;50
37.4000;50
37.4200;52
37.4400;58
37.4600;46
37.4800;58
37.5000;50
37.5200;48
37.5400;50
37.5600;50
37.5800;50
37.6000;50
37.6200;38
37.6400;42
37.6600;42
37.6800;40
37.7000;46
37.7200;56
37.7400;46
37.7600;56
37.7800;50
37.8000;50
37.8200;48
37.8400;48
37.8600;66
37.8800;64
37.9000;54
37.9200;54
37.9400;66
37.9600;62
37.9800;60
38.0000;52
38.0200;54
38.0400;58
38.0600;64
38.0800;62
38.1000;56
38.1200;62
38.1400;48
38.1600;42
38.1800;56
38.2000;68
38.2200;42
38.2400;58
38.2600;54
38.2800;54
38.3000;56
38.3200;54
38.3400;50
38.3600;64
38.3800;44
38.4000;40
38.4200;52
38.4400;48
38.4600;56
38.4800;60
38.5000;62
38.5200;60
38.5400;56
38.5600;54
38.5800;52
38.6000;46
38.6200;46
38.6400;48
38.6600;48
38.6800;56
38.7000;44
38.7200;56
38.7400;54
38.7600;58
38.7800;58
38.8000;40
38.8200;54
38.8400;62
38.8600;46
38.8800;50
38.9000;52
38.9200;50
38.9400;60
38.9600;48
38.9800;48
39.0000;46
39.0200;48
39.0400;48
39.0600;42
39.0800;48
39.1000;50
39.1200;50
39.1400;58
39.1600;58
39.1800;40
39.2000;52
39.2200;54
39.2400;38
39.2600;48
39.2800;56
39.3000;46
39.3200;56
39.3400;48
39.3600;44
39.3800;44
39.4000;46
39.4200;50
39.4400;66
39.4600;62
39.4800;44
39.5000;50
39.5200;36
39.5400;52
39.5600;46
39.5800;44
39.6000;44
39.6200;48
39.6400;44
39.6600;56
39.6800;46
39.7000;50
39.7200;54
39.7400;52
39.7600;48
39.7800;52
39.8000;46
39.8200;72
39.8400;54
39.8600;42
39.8800;42
39.9000;64
39.9200;46
39.9400;64
39.9600;42
39.9800;40
40.0000;54
40.0200;60
40.0400;50
40.0600;50
40.0800;46
40.1000;54
40.1200;44
40.1400;70
40.1600;46
40.1800;62
40.2000;54
40.2200;54
40.2400;76
40.2600;68
40.2800;58
40.3000;42
40.3200;56
40.3400;50
40.3600;52
40.3800;52
40.4000;50
40.4200;62
40.4400;64
40.4600;58
40.4800;64
40.5000;48
40.5200;66
40.5400;58
40.5600;60
40.5800;60
40.6000;48
40.6200;62
40.6400;52
40.6600;64
40.6800;42
40.7000;64
40.7200;58
40.7400;46
40.7600;56
40.7800;60
40.8000;64
40.8200;66
40.8400;60
40.8600;56
40.8800;54
40.9000;60
40.9200;62
40.9400;58
40.9600;62
40.9800;60
41.0000;62
41.0200;52
41.0400;62
41.0600;58
41.0800;58
41.1000;60
41.1200;44
41.1400;50
41.1600;60
41.1800;64
41.2000;40
41.2200;58
41.2400;68
41.2600;56
41.2800;54
41.3000;54
41.3200;48
41.3400;62
41.3600;54
41.3800;50
41.4000;52
41.4200;70
41.4400;54
41.4600;72
41.4800;40
41.5000;58
41.5200;56
41.5400;68
41.5600;60
41.5800;54
41.6000;56
41.6200;64
41.6400;52
41.6600;58
41.6800;46
41.7000;36
41.7200;46
41.7400;54
41.7600;52
41.7800;62
41.8000;46
41.8200;50
41.8400;60
41.8600;46
41.8800;66
41.9000;68
41.9200;50
41.9400;44
41.9600;48
41.9800;54
42.0000;50
42.0200;60
42.0400;50
42.0600;48
42.0800;56
42.1000;44
42.1200;36
42.1400;48
42.1600;42
42.1800;48
42.2000;62
42.2200;44
42.2400;36
42.2600;52
42.2800;66
42.3000;46
42.3200;56
42.3400;62
42.3600;52
42.3800;48
42.4000;48
42.4200;50
42.4400;50
42.4600;34
42.4800;48
42.5000;48
42.5200;50
42.5400;56
42.5600;44
42.5800;50
42.6000;36
42.6200;40
42.6400;48
42.6600;54
42.6800;56
42.7000;38
42.7200;40
42.7400;50
42.7600;44
42.7800;44
42.8000;42
42.8200;58
42.8400;54
42.8600;46
42.8800;48
42.9000;48
42.9200;46
42.9400;58
42.9600;42
42.9800;40
43.0000;40
43.0200;62
43.0400;46
43.0600;42
43.0800;56
43.1000;48
43.1200;34
43.1400;30
43.1600;54
43.1800;42
43.2000;36
43.2200;40
43.2400;48
43.2600;34
43.2800;48
43.3000;40
43.3200;52
43.3400;38
43.3600;36
43.3800;42
43.4000;42
43.4200;36
43.4400;48
43.4600;38
43.4800;36
43.5000;38
43.5200;44
43.5400;46
43.5600;38
43.5800;38
43.6000;44
43.6200;42
43.6400;50
43.6600;40
43.6800;34
43.7000;46
43.7200;34
43.7400;40
43.7600;56
43.7800;46
43.8000;40
43.8200;48
43.8400;40
43.8600;38
43.8800;50
43.9000;44
43.9200;46
43.9400;38
43.9600;38
43.9800;38
44.0000;46
44.0200;54
44.0400;42
44.0600;50
44.0800;44
44.1000;50
44.1200;42
44.1400;42
44.1600;36
44.1800;44
44.2000;62
44.2200;38
44.2400;42
44.2600;36
44.2800;38
44.3000;44
44.3200;32
44.3400;36
44.3600;46
44.3800;52
44.4000;40
44.4200;40
44.4400;40
44.4600;36
44.4800;36
44.5000;30
44.5200;40
44.5400;46
44.5600;44
44.5800;36
44.6000;30
44.6200;32
44.6400;46
44.6600;30
44.6800;34
44.7000;48
44.7200;42
44.7400;44
44.7600;44
44.7800;48
44.8000;52
44.8200;44
44.8400;58
44.8600;50
44.8800;44
44.9000;46
44.9200;40
44.9400;46
44.9600;48
44.9800;38
45.0000;48
45.0200;42
45.0400;30
45.0600;52
45.0800;38
45.1000;34
45.1200;48
45.1400;48
45.1600;44
45.1800;54
45.2000;40
45.2200;36
45.2400;40
45.2600;40
45.2800;42
45.3000;46
45.3200;32
45.3400;42
45.3600;52
45.3800;46
45.4000;40
45.4200;24
45.4400;50
45.4600;34
45.4800;34
45.5000;38
45.5200;46
45.5400;52
45.5600;32
45.5800;44
45.6000;46
45.6200;44
45.6400;38
45.6600;42
45.6800;48
45.7000;46
45.7200;38
45.7400;40
45.7600;40
45.7800;30
45.8000;46
45.8200;48
45.8400;38
45.8600;48
45.8800;34
45.9000;36
45.9200;36
45.9400;42
45.9600;46
45.9800;24
46.0000;40
46.0200;38
46.0400;46
46.0600;48
46.0800;46
46.1000;42
46.1200;48
46.1400;44
46.1600;46
46.1800;38
46.2000;40
46.2200;36
46.2400;44
46.2600;46
46.2800;44
46.3000;32
46.3200;44
46.3400;52
46.3600;58
46.3800;32
46.4000;34
46.4200;34
46.4400;36
46.4600;36
46.4800;46
46.5000;48
46.5200;42
46.5400;40
46.5600;40
46.5800;44
46.6000;46
46.6200;44
46.6400;36
46.6600;42
46.6800;40
46.7000;36
46.7200;28
46.7400;46
46.7600;32
46.7800;38
46.8000;40
46.8200;54
46.8400;50
46.8600;52
46.8800;36
46.9000;40
46.9200;50
46.9400;36
46.9600;46
46.9800;38
47.0000;42
47.0200;36
47.0400;32
47.0600;42
47.0800;42
47.1000;38
47.1200;34
47.1400;46
47.1600;36
47.1800;36
47.2000;36
47.2200;52
47.2400;42
47.2600;50
47.2800;38
47.3000;44
47.3200;28
47.3400;42
47.3600;34
47.3800;32
47.4000;36
47.4200;40
47.4400;36
47.4600;50
47.4800;32
47.5000;40
47.5200;38
47.5400;48
47.5600;24
47.5800;36
47.6000;40
47.6200;48
47.6400;38
47.6600;30
47.6800;32
47.7000;40
47.7200;38
47.7400;32
47.7600;28
47.7800;36
47.8000;48
47.8200;40
47.8400;40
47.8600;34
47.8800;32
47.9000;34
47.9200;34
47.9400;34
47.9600;56
47.9800;42
48.0000;44
48.0200;54
48.0400;58
48.0600;32
48.0800;36
48.1000;46
48.1200;50
48.1400;34
48.1600;24
48.1800;30
48.2000;40
48.2200;42
48.2400;36
48.2600;36
48.2800;52
48.3000;32
48.3200;38
48.3400;36
48.3600;32
48.3800;36
48.4000;26
48.4200;44
48.4400;38
48.4600;34
48.4800;36
48.5000;30
48.5200;48
48.5400;36
48.5600;40
48.5800;32
48.6000;32
48.6200;44
48.6400;48
48.6600;48
48.6800;28
48.7000;48
48.7200;46
48.7400;40
48.7600;36
48.7800;32
48.8000;32
48.8200;32
48.8400;30
48.8600;48
48.8800;30
48.9000;34
48.9200;42
48.9400;32
48.9600;32
48.9800;46
49.0000;48
49.0200;40
49.0400;36
49.0600;34
49.0800;40
49.1000;36
49.1200;36
49.1400;52
49.1600;48
49.1800;28
49.2000;38
49.2200;48
49.2400;38
49.2600;38
49.2800;40
49.3000;32
49.3200;44
49.3400;40
49.3600;44
49.3800;44
49.4000;24
49.4200;34
49.4400;44
49.4600;30
49.4800;44
49.5000;32
49.5200;44
49.5400;44
49.5600;22
49.5800;28
49.6000;36
49.6200;40
49.6400;32
49.6600;42
49.6800;36
49.7000;16
49.7200;38
49.7400;36
49.7600;26
49.7800;30
49.8000;36
49.8200;28
49.8400;28
49.8600;42
49.8800;42
49.9000;38
49.9200;28
49.9400;32
49.9600;34
49.9800;36
50.0000;36
50.0200;36
50.0400;32
50.0600;38
50.0800;28
50.1000;30
50.1200;50
50.1400;30
50.1600;32
50.1800;34
50.2000;42
50.2200;44
50.2400;24
50.2600;48
50.2800;30
50.3000;36
50.3200;36
50.3400;34
50.3600;40
50.3800;36
50.4000;24
50.4200;34
50.4400;32
50.4600;32
50.4800;30
50.5000;38
50.5200;32
50.5400;28
50.5600;32
50.5800;42
50.6000;34
50.6200;38
50.6400;36
50.6600;20
50.6800;30
50.7000;32
50.7200;30
50.7400;36
50.7600;34
50.7800;18
50.8000;32
50.8200;36
50.8400;22
50.8600;28
50.8800;26
50.9000;36
50.9200;48
50.9400;48
50.9600;22
50.9800;30
51.0000;40
51.0200;44
51.0400;30
51.0600;40
51.0800;28
51.1000;28
51.1200;54
51.1400;32
51.1600;36
51.1800;26
51.2000;34
51.2200;36
51.2400;26
51.2600;32
51.2800;40
51.3000;36
51.3200;28
51.3400;30
51.3600;36
51.3800;44
51.4000;36
51.4200;30
51.4400;36
51.4600;46
51.4800;24
51.5000;22
51.5200;40
51.5400;30
51.5600;30
51.5800;30
51.6000;32
51.6200;30
51.6400;38
51.6600;38
51.6800;32
51.7000;22
51.7200;34
51.7400;38
51.7600;34
51.7800;28
51.8000;42
51.8200;32
51.8400;32
51.8600;24
51.8800;48
51.9000;30
51.9200;30
51.9400;32
51.9600;30
51.9800;24
52.0000;36
52.0200;28
52.0400;32
52.0600;38
52.0800;22
52.1000;46
52.1200;32
52.1400;26
52.1600;30
52.1800;26
52.2000;28
52.2200;28
52.2400;28
52.2600;30
52.2800;32
52.3000;22
52.3200;30
52.3400;36
52.3600;20
52.3800;32
52.4000;20
52.4200;38
52.4400;40
52.4600;26
52.4800;38
52.5000;32
52.5200;36
52.5400;38
52.5600;32
52.5800;34
52.6000;32
52.6200;26
52.6400;34
52.6600;32
52.6800;28
52.7000;22
52.7200;44
52.7400;32
52.7600;26
52.7800;32
52.8000;42
52.8200;36
52.8400;32
52.8600;40
52.8800;30
52.9000;32
52.9200;36
52.9400;28
52.9600;42
52.9800;34
53.0000;34
53.0200;40
53.0400;28
53.0600;34
53.0800;26
53.1000;42
53.1200;24
53.1400;24
53.1600;32
53.1800;28
53.2000;32
53.2200;34
53.2400;30
53.2600;30
53.2800;32
53.3000;26
53.3200;32
53.3400;30
53.3600;34
53.3800;28
53.4000;20
53.4200;32
53.4400;24
53.4600;20
53.4800;28
53.5000;30
53.5200;32
53.5400;30
53.5600;28
53.5800;38
53.6000;30
53.6200;42
53.6400;26
53.6600;34
53.6800;44
53.7000;24
53.7200;34
53.7400;26
53.7600;28
53.7800;24
53.8000;26
53.8200;28
53.8400;38
53.8600;36
53.8800;40
53.9000;36
53.9200;34
53.9400;44
53.9600;32
53.9800;36
54.0000;34
54.0200;34
54.0400;32
54.0600;26
54.0800;34
54.1000;30
54.1200;26
54.1400;32
54.1600;32
54.1800;36
54.2000;28
54.2200;32
54.2400;28
54.2600;28
54.2800;30
54.3000;26
54.3200;28
54.3400;28
54.3600;24
54.3800;28
54.4000;26
54.4200;26
54.4400;26
54.4600;52
54.4800;24
54.5000;32
54.5200;30
54.5400;40
54.5600;24
54.5800;40
54.6000;34
54.6200;30
54.6400;38
54.6600;30
54.6800;24
54.7000;24
54.7200;22
54.7400;22
54.7600;20
54.7800;34
54.8000;24
54.8200;28
54.8400;26
54.8600;42
54.8800;36
54.9000;26
54.9200;30
54.9400;40
54.9600;22
54.9800;30
55.0000;22
55.0200;32
55.0400;32
55.0600;18
55.0800;38
55.1000;34
55.1200;34
55.1400;28
55.1600;32
55.1800;32
55.2000;32
55.2200;24
55.2400;28
55.2600;38
55.2800;28
55.3000;32
55.3200;28
55.3400;28
55.3600;24
55.3800;32
55.4000;26
55.4200;36
55.4400;42
55.4600;38
55.4800;26
55.5000;34
55.5200;26
55.5400;38
55.5600;24
55.5800;26
55.6000;26
55.6200;26
55.6400;36
55.6600;26
55.6800;30
55.7000;22
55.7200;20
55.7400;20
55.7600;32
55.7800;26
55.8000;30
55.8200;46
55.8400;34
55.8600;26
55.8800;28
55.9000;38
55.9200;26
55.9400;40
55.9600;24
55.9800;42
56.0000;36
56.0200;24
56.0400;28
56.0600;26
56.0800;34
56.1000;34
56.1200;34
56.1400;26
56.1600;20
56.1800;38
56.2000;38
56.2200;28
56.2400;30
56.2600;28
56.2800;32
56.3000;30
56.3200;38
56.3400;30
56.3600;26
56.3800;32
56.4000;26
56.4200;26
56.4400;22
56.4600;28
56.4800;16
56.5000;20
56.5200;30
56.5400;26
56.5600;30
56.5800;36
56.6000;26
56.6200;32
56.6400;28
56.6600;28
56.6800;26
56.7000;24
56.7200;24
56.7400;30
56.7600;22
56.7800;28
56.8000;20
56.8200;30
56.8400;30
56.8600;18
56.8800;24
56.9000;26
56.9200;26
56.9400;18
56.9600;26
56.9800;34
57.0000;28
57.0200;18
57.0400;24
57.0600;20
57.0800;30
57.1000;28
57.1200;30
57.1400;24
57.1600;32
57.1800;28
57.2000;26
57.2200;30
57.2400;40
57.2600;12
57.2800;28
57.3000;26
57.3200;26
57.3400;30
57.3600;28
57.3800;30
57.4000;32
57.4200;16
57.4400;26
57.4600;16
57.4800;24
57.5000;22
57.5200;18
57.5400;36
57.5600;20
57.5800;24
57.6000;28
57.6200;22
57.6400;22
57.6600;24
57.6800;32
57.7000;18
57.7200;32
57.7400;24
57.7600;38
57.7800;28
57.8000;32
57.8200;22
57.8400;20
57.8600;22
57.8800;24
57.9000;18
57.9200;28
57.9400;34
57.9600;26
57.9800;38
58.0000;34
58.0200;20
58.0400;26
58.0600;26
58.0800;26
58.1000;18
58.1200;24
58.1400;26
58.1600;30
58.1800;28
58.2000;24
58.2200;28
58.2400;26
58.2600;24
58.2800;28
58.3000;22
58.3200;24
58.3400;22
58.3600;24
58.3800;26
58.4000;28
58.4200;38
58.4400;28
58.4600;24
58.4800;34
58.5000;18
58.5200;18
58.5400;20
58.5600;30
58.5800;20
58.6000;18
58.6200;28
58.6400;30
58.6600;20
58.6800;32
58.7000;20
58.7200;26
58.7400;28
58.7600;28
58.7800;16
58.8000;18
58.8200;32
58.8400;20
58.8600;46
58.8800;22
58.9000;28
58.9200;24
58.9400;20
58.9600;28
58.9800;24
59.0000;18
59.0200;34
59.0400;28
59.0600;24
59.0800;26
59.1000;22
59.1200;24
59.1400;24
59.1600;28
59.1800;30
59.2000;28
59.2200;26
59.2400;22
59.2600;22
59.2800;24
59.3000;22
59.3200;32
59.3400;22
59.3600;24
59.3800;36
59.4000;36
59.4200;14
59.4400;26
59.4600;28
59.4800;24
59.5000;22
59.5200;20
59.5400;22
59.5600;20
59.5800;26
59.6000;26
59.6200;28
59.6400;30
59.6600;38
59.6800;18
59.7000;24
59.7200;18
59.7400;34
59.7600;24
59.7800;24
59.8000;30
59.8200;22
59.8400;22
59.8600;22
59.8800;32
59.9000;22
59.9200;30
59.9400;20
59.9600;22
59.9800;34
60.0000;26
60.0200;20
60.0400;22
60.0600;26
60.0800;22
60.1000;28
60.1200;22
60.1400;28
60.1600;32
60.1800;30
60.2000;38
60.2200;32
60.2400;16
60.2600;26
60.2800;24
60.3000;24
60.3200;36
60.3400;26
60.3600;24
60.3800;26
60.4000;28
60.4200;26
60.4400;30
60.4600;28
60.4800;26
60.5000;34
60.5200;26
60.5400;28
60.5600;24
60.5800;24
60.6000;26
60.6200;12
60.6400;14
60.6600;20
60.6800;28
60.7000;36
60.7200;40
60.7400;40
60.7600;36
60.7800;26
60.8000;30
60.8200;20
60.8400;22
60.8600;18
60.8800;20
60.9000;32
60.9200;28
60.9400;20
60.9600;26
60.9800;26
61.0000;32
61.0200;26
61.0400;26
61.0600;24
61.0800;28
61.1000;24
61.1200;28
61.1400;22
61.1600;28
61.1800;24
61.2000;18
61.2200;26
61.2400;22
61.2600;16
61.2800;22
61.3000;22
61.3200;24
61.3400;20
61.3600;26
61.3800;30
61.4000;20
61.4200;28
61.4400;20
61.4600;28
61.4800;28
61.5000;26
61.5200;24
61.5400;28
61.5600;32
61.5800;28
61.6000;28
61.6200;20
61.6400;26
61.6600;24
61.6800;30
61.7000;32
61.7200;26
61.7400;22
61.7600;20
61.7800;20
61.8000;28
61.8200;28
61.8400;32
61.8600;26
61.8800;28
61.9000;30
61.9200;28
61.9400;24
61.9600;24
61.9800;26
62.0000;18
62.0200;20
62.0400;16
62.0600;24
62.0800;28
62.1000;22
62.1200;22
62.1400;28
62.1600;34
62.1800;24
62.2000;16
62.2200;22
62.2400;26
62.2600;32
62.2800;20
62.3000;30
62.3200;24
62.3400;22
62.3600;36
62.3800;24
62.4000;28
62.4200;26
62.4400;28
62.4600;16
62.4800;32
62.5000;20
62.5200;26
62.5400;32
62.5600;20
62.5800;20
62.6000;26
62.6200;28
62.6400;24
62.6600;28
62.6800;30
62.7000;34
62.7200;36
62.7400;26
62.7600;26
62.7800;22
62.8000;24
62.8200;32
62.8400;34
62.8600;16
62.8800;26
62.9000;28
62.9200;22
62.9400;22
62.9600;30
62.9800;22
63.0000;18
63.0200;24
63.0400;28
63.0600;30
63.0800;30
63.1000;24
63.1200;24
63.1400;30
63.1600;32
63.1800;22
63.2000;24
63.2200;30
63.2400;24
63.2600;24
63.2800;36
63.3000;32
63.3200;22
63.3400;22
63.3600;24
63.3800;28
63.4000;30
63.4200;24
63.4400;20
63.4600;22
63.4800;20
63.5000;26
63.5200;16
63.5400;22
63.5600;14
63.5800;26
63.6000;24
63.6200;26
63.6400;18
63.6600;18
63.6800;36
63.7000;16
63.7200;26
63.7400;28
63.7600;26
63.7800;20
63.8000;22
63.8200;38
63.8400;28
63.8600;26
63.8800;28
63.9000;20
63.9200;20
63.9400;28
63.9600;34
63.9800;30
64.0000;22
64.0200;28
64.0400;34
64.0600;20
64.0800;28
64.1000;22
64.1200;24
64.1400;30
64.1600;30
64.1800;36
64.2000;20
64.2200;22
64.2400;22
64.2600;12
64.2800;20
64.3000;12
64.3200;24
64.3400;26
64.3600;22
64.3800;16
64.4000;32
64.4200;22
64.4400;22
64.4600;24
64.4800;24
64.5000;24
64.5200;26
64.5400;20
64.5600;24
64.5800;18
64.6000;34
64.6200;22
64.6400;22
64.6600;24
64.6800;30
64.7000;18
64.7200;22
64.7400;26
64.7600;18
64.7800;22
64.8000;22
64.8200;24
64.8400;26
64.8600;26
64.8800;28
64.9000;20
64.9200;20
64.9400;26
64.9600;24
64.9800;16
65.0000;32
65.0200;28
65.0400;24
65.0600;20
65.0800;16
65.1000;26
65.1200;22
65.1400;28
65.1600;20
65.1800;32
65.2000;24
65.2200;16
65.2400;26
65.2600;18
65.2800;24
65.3000;24
65.3200;36
65.3400;26
65.3600;22
65.3800;20
65.4000;24
65.4200;24
65.4400;22
65.4600;22
65.4800;24
65.5000;28
65.5200;20
65.5400;26
65.5600;24
65.5800;22
65.6000;24
65.6200;26
65.6400;20
65.6600;26
65.6800;20
65.7000;26
65.7200;22
65.7400;28
65.7600;28
65.7800;24
65.8000;24
65.8200;26
65.8400;28
65.8600;26
65.8800;18
65.9000;22
65.9200;26
65.9400;26
65.9600;12
65.9800;24
66.0000;22
66.0200;20
66.0400;24
66.0600;26
66.0800;16
66.1000;26
66.1200;30
66.1400;24
66.1600;20
66.1800;20
66.2000;20
66.2200;20
66.2400;24
66.2600;16
66.2800;20
66.3000;28
66.3200;24
66.3400;20
66.3600;30
66.3800;18
66.4000;18
66.4200;22
66.4400;24
66.4600;22
66.4800;16
66.5000;20
66.5200;22
66.5400;22
66.5600;18
66.5800;30
66.6000;26
66.6200;24
66.6400;28
66.6600;26
66.6800;32
66.7000;20
66.7200;24
66.7400;22
66.7600;28
66.7800;20
66.8000;20
66.8200;36
66.8400;20
66.8600;20
66.8800;26
66.9000;34
66.9200;32
66.9400;20
66.9600;24
66.9800;32
67.0000;18
67.0200;16
67.0400;28
67.0600;18
67.0800;22
67.1000;22
67.1200;24
67.1400;20
67.1600;20
67.1800;20
67.2000;22
67.2200;18
67.2400;20
67.2600;24
67.2800;18
67.3000;16
67.3200;28
67.3400;18
67.3600;22
67.3800;20
67.4000;16
67.4200;30
67.4400;14
67.4600;18
67.4800;16
67.5000;22
67.5200;24
67.5400;24
67.5600;24
67.5800;24
67.6000;32
67.6200;32
67.6400;20
67.6600;16
67.6800;16
67.7000;24
67.7200;24
67.7400;24
67.7600;16
67.7800;22
67.8000;16
67.8200;24
67.8400;24
67.8600;28
67.8800;24
67.9000;26
67.9200;16
67.9400;24
67.9600;20
67.9800;24
68.0000;26
68.0200;24
68.0400;20
68.0600;20
68.0800;24
68.1000;26
68.1200;18
68.1400;20
68.1600;24
68.1800;22
68.2000;24
68.2200;14
68.2400;24
68.2600;22
68.2800;22
68.3000;22
68.3200;22
68.3400;30
68.3600;16
68.3800;28
68.4000;12
68.4200;30
68.4400;26
68.4600;26
68.4800;22
68.5000;20
68.5200;30
68.5400;22
68.5600;30
68.5800;22
68.6000;20
68.6200;24
68.6400;14
68.6600;18
68.6800;16
68.7000;20
68.7200;20
68.7400;30
68.7600;20
68.7800;24
68.8000;18
68.8200;32
68.8400;26
68.8600;20
68.8800;20
68.9000;24
68.9200;20
68.9400;26
68.9600;18
68.9800;14
69.0000;22
69.0200;16
69.0400;16
69.0600;20
69.0800;22
69.1000;26
69.1200;16
69.1400;24
69.1600;18
69.1800;26
69.2000;26
69.2200;22
69.2400;22
69.2600;14
69.2800;28
69.3000;14
69.3200;22
69.3400;30
69.3600;24
69.3800;30
69.4000;26
69.4200;22
69.4400;22
69.4600;22
69.4800;24
69.5000;20
69.5200;20
69.5400;20
69.5600;12
69.5800;20
69.6000;26
69.6200;18
69.6400;24
69.6600;20
69.6800;18
69.7000;24
69.7200;24
69.7400;22
69.7600;22
69.7800;26
69.8000;22
69.8200;22
69.8400;16
69.8600;26
69.8800;28
69.9000;22
69.9200;32
69.9400;26
69.9600;24
69.9800;20
70.0000;26
70.0200;12
70.0400;22
70.0600;20
70.0800;30
70.1000;12
70.1200;20
70.1400;22
70.1600;20
70.1800;22
70.2000;12
70.2200;16
70.2400;18
70.2600;20
70.2800;16
70.3000;30
70.3200;22
70.3400;28
70.3600;20
70.3800;20
70.4000;24
70.4200;12
70.4400;22
70.4600;28
70.4800;18
70.5000;20
70.5200;22
70.5400;18
70.5600;30
70.5800;20
70.6000;32
70.6200;28
70.6400;20
70.6600;20
70.6800;22
70.7000;26
70.7200;20
70.7400;18
70.7600;26
70.7800;28
70.8000;20
70.8200;16
70.8400;24
70.8600;16
70.8800;18
70.9000;24
70.9200;16
70.9400;20
70.9600;20
70.9800;24
71.0000;20
71.0200;12
71.0400;14
71.0600;18
71.0800;32
71.1000;20
71.1200;22
71.1400;22
71.1600;22
71.1800;34
71.2000;22
71.2200;22
71.2400;26
71.2600;30
71.2800;22
71.3000;32
71.3200;24
71.3400;18
71.3600;30
71.3800;20
71.4000;22
71.4200;24
71.4400;26
71.4600;18
71.4800;22
71.5000;26
71.5200;22
71.5400;30
71.5600;26
71.5800;20
71.6000;12
71.6200;16
71.6400;22
71.6600;20
71.6800;26
71.7000;24
71.7200;30
71.7400;18
71.7600;28
71.7800;24
71.8000;18
71.8200;30
71.8400;24
71.8600;14
71.8800;18
71.9000;16
71.9200;24
71.9400;20
71.9600;28
71.9800;20
72.0000;24
72.0200;24
72.0400;16
72.0600;30
72.0800;18
72.1000;22
72.1200;28
72.1400;20
72.1600;24
72.1800;22
72.2000;20
72.2200;22
72.2400;24
72.2600;22
72.2800;28
72.3000;28
72.3200;26
72.3400;14
72.3600;24
72.3800;24
72.4000;16
72.4200;26
72.4400;20
72.4600;14
72.4800;22
72.5000;20
72.5200;20
72.5400;20
72.5600;20
72.5800;34
72.6000;26
72.6200;34
72.6400;14
72.6600;26
72.6800;18
72.7000;36
72.7200;18
72.7400;18
72.7600;14
72.7800;24
72.8000;32
72.8200;24
72.8400;20
72.8600;22
72.8800;22
72.9000;16
72.9200;26
72.9400;14
72.9600;20
72.9800;18
73.00008
73.0200;26
73.0400;22
73.0600;14
73.0800;18
73.1000;18
73.1200;22
73.1400;36
73.1600;26
73.1800;22
73.2000;26
73.2200;24
73.2400;12
73.2600;24
73.2800;16
73.3000;20
73.3200;26
73.3400;24
73.3600;28
73.3800;28
73.4000;16
73.4200;20
73.4400;14
73.4600;16
73.4800;18
73.5000;22
73.5200;12
73.5400;18
73.5600;22
73.5800;14
73.6000;16
73.6200;16
73.6400;22
73.6600;22
73.6800;16
73.7000;24
73.7200;24
73.7400;26
73.7600;18
73.7800;22
73.8000;22
73.8200;20
73.8400;18
73.8600;24
73.8800;24
73.9000;14
73.9200;20
73.9400;12
73.9600;22
73.9800;28
74.0000;12
74.0200;28
74.0400;14
74.0600;26
74.0800;18
74.1000;20
74.1200;22
74.14008
74.1600;16
74.1800;16
74.2000;20
74.2200;14
74.2400;16
74.2600;24
74.2800;16
74.3000;26
74.3200;26
74.3400;14
74.3600;22
74.3800;24
74.4000;18
74.4200;24
74.4400;32
74.4600;14
74.4800;20
74.5000;12
74.5200;18
74.5400;30
74.5600;28
74.5800;18
74.6000;14
74.6200;34
74.6400;14
74.6600;20
74.6800;12
74.7000;20
74.7200;14
74.7400;22
74.7600;24
74.7800;26
74.8000;22
74.8200;20
74.8400;10
74.8600;22
74.8800;22
74.9000;20
74.9200;22
74.9400;18
74.9600;20
74.9800;16
75.0000;20
75.0200;22
75.0400;18
75.0600;20
75.0800;20
75.1000;22
75.1200;18
75.1400;18
75.1600;24
75.1800;18
75.2000;12
75.2200;22
75.2400;20
75.2600;22
75.2800;20
75.3000;24
75.3200;32
75.3400;16
75.3600;26
75.3800;22
75.4000;22
75.4200;18
75.4400;24
75.4600;12
75.4800;22
75.5000;22
75.5200;24
75.5400;26
75.5600;26
75.5800;22
75.6000;18
75.6200;18
75.6400;26
75.6600;18
75.6800;18
75.7000;24
75.7200;16
75.7400;20
75.7600;14
75.7800;20
75.8000;18
75.8200;18
75.8400;26
75.8600;16
75.8800;26
75.9000;20
75.9200;28
75.9400;20
75.9600;22
75.9800;22
76.0000;24
76.0200;18
76.0400;20
76.0600;20
76.0800;22
76.1000;20
76.1200;24
76.1400;22
76.1600;18
76.1800;18
76.2000;18
76.2200;26
76.2400;14
76.2600;28
76.2800;22
76.3000;14
76.3200;30
76.3400;18
76.3600;18
76.3800;16
76.4000;22
76.4200;18
76.4400;20
76.4600;30
76.4800;22
76.5000;20
76.5200;22
76.5400;18
76.5600;26
76.5800;14
76.6000;30
76.6200;22
76.6400;24
76.6600;18
76.6800;18
76.7000;18
76.7200;16
76.7400;20
76.7600;24
76.7800;18
76.8000;18
76.8200;18
76.8400;14
76.8600;22
76.8800;18
76.9000;18
76.9200;28
76.9400;28
76.9600;22
76.9800;18
77.0000;24
77.0200;16
77.0400;20
77.0600;24
77.0800;16
77.1000;20
77.1200;32
77.1400;18
77.1600;14
77.1800;14
77.2000;18
77.2200;22
77.2400;24
77.2600;16
77.2800;24
77.3000;20
77.3200;26
77.3400;22
77.3600;20
77.3800;20
77.4000;12
77.4200;16
77.4400;20
77.4600;14
77.4800;26
77.5000;18
77.5200;10
77.5400;18
77.5600;24
77.5800;16
77.6000;16
77.6200;12
77.6400;14
77.6600;12
77.6800;14
77.7000;14
77.7200;14
77.7400;14
77.7600;22
77.7800;28
77.8000;26
77.8200;26
77.8400;24
77.8600;20
77.8800;20
77.9000;22
77.9200;28
77.9400;18
77.9600;26
77.9800;22
78.0000;14
78.0200;26
78.0400;16
78.0600;18
78.0800;20
78.1000;20
78.1200;18
78.1400;20
78.1600;16
78.1800;16
78.2000;20
78.2200;24
78.2400;22
78.2600;18
78.2800;12
78.3000;16
78.3200;18
78.3400;30
78.3600;20
78.3800;14
78.4000;18
78.4200;14
78.4400;10
78.4600;18
78.4800;12
78.5000;18
78.5200;24
78.54006
78.5600;18
78.5800;20
78.6000;16
78.6200;26
78.6400;16
78.6600;18
78.6800;12
78.7000;12
78.7200;16
78.7400;20
78.7600;12
78.7800;22
78.8000;16
78.8200;24
78.8400;22
78.8600;22
78.8800;16
78.9000;24
78.9200;14
78.9400;24
78.9600;16
78.9800;14
79.0000;18
79.0200;16
79.0400;12
79.0600;18
79.0800;20
79.1000;14
79.1200;24
79.1400;24
79.1600;18
79.1800;18
79.2000;16
79.2200;16
79.2400;24
79.2600;20
79.2800;30
79.3000;20
79.3200;16
79.3400;14
79.3600;26
79.3800;14
79.4000;18
79.4200;22
79.4400;14
79.4600;24
79.4800;14
79.5000;18
79.5200;14
79.5400;24
79.5600;18
79.5800;20
79.6000;22
79.6200;18
79.6400;20
79.6600;20
79.6800;20
79.7000;20
79.7200;20
79.7400;20
79.7600;20
79.7800;24
79.8000;14
79.8200;18
79.8400;18
79.8600;12
79.8800;22
79.9000;18
79.9200;16
79.9400;18
79.9600;14
79.9800;20
80.0000;20
80.0200;18
80.0400;16
80.0600;14
80.0800;20
80.1000;24
80.1200;20
80.1400;16
80.1600;20
80.1800;24
80.2000;14
80.2200;10
80.2400;12
80.2600;16
80.2800;20
80.3000;20
80.3200;18
80.3400;16
80.3600;16
80.3800;18
80.4000;22
80.4200;12
80.4400;14
80.4600;18
80.4800;18
80.5000;12
80.5200;18
80.5400;16
80.5600;20
80.5800;14
80.6000;14
80.6200;12
80.6400;20
80.6600;12
80.6800;16
80.7000;14
80.7200;18
80.7400;18
80.7600;10
80.7800;24
80.8000;14
80.8200;16
80.8400;20
80.8600;14
80.8800;16
80.9000;18
80.9200;18
80.9400;24
80.9600;18
80.9800;10
81.0000;24
81.0200;22
81.0400;16
81.0600;16
81.0800;20
81.1000;12
81.1200;20
81.1400;22
81.1600;20
81.1800;24
81.2000;18
81.2200;16
81.2400;16
81.2600;18
81.2800;12
81.3000;18
81.3200;16
81.3400;18
81.3600;14
81.3800;24
81.4000;18
81.4200;16
81.4400;18
81.4600;18
81.4800;14
81.5000;18
81.5200;16
81.5400;16
81.5600;20
81.5800;24
81.6000;16
81.6200;14
81.6400;20
81.6600;18
81.6800;22
81.7000;18
81.7200;18
81.7400;14
81.7600;18
81.7800;18
81.8000;22
81.8200;14
81.8400;24
81.8600;24
81.8800;16
81.9000;20
81.92006
81.9400;10
81.9600;18
81.9800;18
82.0000;12
82.0200;16
82.0400;18
82.0600;12
82.0800;16
82.1000;16
82.12008
82.1400;14
82.1600;20
82.1800;14
82.2000;16
82.2200;24
82.2400;10
82.2600;18
82.2800;18
82.3000;16
82.3200;18
82.3400;16
82.3600;20
82.3800;10
82.4000;14
82.4200;16
82.4400;16
82.4600;18
82.4800;14
82.5000;20
82.5200;20
82.5400;14
82.5600;18
82.5800;12
82.6000;20
82.6200;16
82.6400;18
82.6600;14
82.6800;14
82.70006
82.7200;20
82.7400;18
82.7600;22
82.7800;20
82.8000;14
82.82008
82.8400;22
82.8600;10
82.88008
82.9000;16
82.9200;20
82.94008
82.9600;16
82.9800;18
83.0000;16
83.0200;18
83.0400;16
83.0600;18
83.0800;16
83.1000;20
83.1200;12
83.1400;18
83.1600;18
83.1800;20
83.2000;18
83.2200;16
83.2400;20
83.2600;22
83.2800;20
83.3000;14
83.3200;16
83.3400;16
83.3600;14
83.3800;16
83.4000;16
83.4200;10
83.4400;12
83.4600;16
83.4800;20
83.5000;20
83.5200;20
83.5400;22
83.5600;14
83.5800;14
83.6000;14
83.6200;16
83.6400;18
83.6600;16
83.6800;14
83.7000;24
83.7200;14
83.7400;18
83.7600;22
83.7800;18
83.8000;22
83.8200;24
83.8400;16
83.8600;14
83.8800;12
83.9000;18
83.9200;18
83.9400;14
83.9600;24
83.9800;12
84.0000;14
84.0200;22
84.0400;18
84.06008
84.0800;16
84.1000;16
84.1200;16
84.1400;22
84.1600;26
84.1800;20
84.2000;26
84.2200;14
84.2400;24
84.2600;16
84.2800;16
84.3000;16
84.3200;16
84.3400;14
84.3600;14
84.3800;18
84.4000;18
84.4200;20
84.4400;18
84.4600;14
84.4800;20
84.5000;14
84.5200;20
84.5400;16
84.5600;16
84.5800;20
84.6000;12
84.6200;12
84.6400;14
84.6600;20
84.6800;22
84.70008
84.7200;22
84.7400;18
84.7600;18
84.7800;12
84.8000;18
84.8200;16
84.8400;24
84.8600;16
84.8800;12
84.9000;12
84.9200;16
84.9400;18
84.9600;18
84.9800;22
85.0000;12
85.0200;16
85.0400;20
85.0600;14
85.0800;18
85.1000;16
85.1200;22
85.1400;20
85.1600;10
85.1800;18
85.2000;14
85.2200;16
85.2400;14
85.2600;14
85.2800;20
85.3000;14
85.3200;18
85.3400;22
85.3600;18
85.3800;10
85.4000;18
85.4200;18
85.4400;20
85.4600;20
85.4800;14
85.5000;16
85.5200;22
85.54008
85.5600;14
85.5800;12
85.6000;18
85.62008
85.6400;16
85.6600;18
85.6800;14
85.7000;20
85.7200;16
85.74008
85.7600;16
85.7800;10
85.8000;24
85.8200;14
85.8400;22
85.8600;12
85.88006
85.9000;18
85.9200;20
85.94008
85.9600;12
85.9800;10
86.0000;18
86.0200;10
86.0400;12
86.0600;20
86.0800;16
86.1000;24
86.1200;12
86.1400;14
86.1600;14
86.1800;20
86.2000;16
86.2200;18
86.2400;16
86.2600;12
86.2800;16
86.3000;20
86.3200;14
86.3400;14
86.3600;16
86.3800;20
86.4000;14
86.4200;16
86.4400;18
86.4600;22
86.4800;16
86.5000;18
86.52006
86.5400;12
86.5600;16
86.5800;10
86.6000;20
86.6200;14
86.6400;12
86.6600;14
86.6800;16
86.7000;12
86.7200;12
86.7400;14
86.7600;14
86.7800;24
86.8000;20
86.8200;10
86.8400;20
86.8600;20
86.8800;20
86.9000;20
86.9200;18
86.9400;16
86.9600;22
86.9800;20
87.0000;22
87.0200;18
87.0400;10
87.0600;22
87.0800;12
87.1000;22
87.1200;16
87.1400;12
87.1600;12
87.1800;14
87.2000;18
87.2200;14
87.2400;10
87.2600;18
87.2800;22
87.3000;12
87.3200;20
87.3400;12
87.3600;18
87.3800;14
87.4000;12
87.4200;12
87.44008
87.4600;18
87.48008
87.5000;14
87.5200;18
87.5400;10
87.5600;24
87.5800;14
87.6000;16
87.6200;16
87.6400;16
87.6600;18
87.6800;14
87.7000;10
87.7200;12
87.7400;14
87.7600;16
87.7800;10
87.8000;22
87.8200;18
87.84006
87.8600;16
87.8800;16
87.9000;12
87.92008
87.9400;12
87.9600;18
87.9800;20
88.0000;14
88.0200;12
88.0400;16
88.0600;10
88.0800;16
88.1000;14
88.1200;18
88.1400;14
88.1600;18
88.1800;14
88.2000;20
88.2200;16
88.24006
88.2600;18
88.2800;18
88.3000;16
88.3200;14
88.3400;16
88.3600;14
88.3800;14
88.4000;22
88.4200;14
88.4400;10
88.4600;12
88.4800;16
88.5000;20
88.5200;14
88.5400;24
88.5600;20
88.5800;16
88.6000;14
88.6200;22
88.6400;16
88.6600;20
88.6800;12
88.70008
88.7200;24
88.7400;18
88.7600;12
88.7800;26
88.8000;18
88.8200;12
88.8400;12
88.8600;12
88.8800;16
88.90008
88.9200;16
88.9400;16
88.9600;12
88.9800;16
89.0000;16
89.0200;22
89.0400;10
89.0600;12
89.0800;18
89.1000;14
89.1200;12
89.1400;16
89.1600;22
89.1800;20
89.2000;18
89.2200;16
89.2400;16
89.2600;12
89.2800;14
89.3000;16
89.3200;18
89.3400;10
89.3600;12
89.3800;14
89.4000;14
89.4200;18
89.44008
89.4600;12
89.4800;14
89.5000;12
89.5200;12
89.5400;12
89.5600;14
89.5800;12
89.6000;16
89.6200;18
89.6400;16
89.6600;18
89.6800;16
89.7000;18
89.7200;16
89.7400;18
89.7600;18
89.7800;12
89.8000;18
89.8200;16
89.8400;20
89.8600;18
89.8800;24
89.9000;14
89.9200;16
89.9400;16
89.9600;10
89.9800;12
90.0000;10
90.0200;22
90.0400;14
90.0600;20
90.0800;20
90.1000;18
90.1200;14
90.1400;16
90.1600;14
90.1800;16
90.20008
90.22006
90.2400;14
90.2600;16
90.2800;20
90.3000;14
90.3200;12
90.3400;14
90.3600;22
90.3800;14
90.4000;24
90.4200;16
90.4400;14
90.4600;16
90.4800;14
90.5000;22
90.5200;18
90.5400;22
90.5600;20
90.5800;12
90.6000;16
90.6200;10
90.6400;10
90.6600;14
90.6800;16
90.7000;10
90.7200;10
90.7400;14
90.7600;22
90.7800;18
90.8000;20
90.8200;18
90.8400;14
90.8600;16
90.8800;16
90.90008
90.9200;10
90.9400;16
90.9600;20
90.9800;24
91.0000;16
91.0200;16
91.0400;18
91.0600;12
91.0800;16
91.1000;20
91.1200;12
91.1400;12
91.1600;16
91.1800;16
91.2000;10
91.2200;20
91.24008
91.2600;14
91.2800;16
91.3000;20
91.3200;20
91.3400;16
91.3600;14
91.3800;10
91.4000;14
91.4200;14
91.4400;16
91.4600;16
91.48006
91.50006
91.5200;22
91.5400;14
91.5600;10
91.5800;18
91.6000;18
91.6200;14
91.64006
91.6600;16
91.6800;14
91.7000;20
91.72006
91.7400;10
91.76008
91.7800;22
91.8000;18
91.8200;14
91.8400;14
91.8600;10
91.8800;12
91.9000;16
91.9200;22
91.9400;10
91.9600;16
91.98008
92.0000;12
92.02006
92.0400;18
92.0600;16
92.0800;14
92.1000;12
92.1200;20
92.1400;14
92.16008
92.1800;14
92.2000;18
92.2200;18
92.2400;20
92.2600;14
92.2800;20
92.3000;10
92.3200;14
92.3400;24
92.3600;10
92.3800;14
92.4000;16
92.4200;10
92.4400;14
92.4600;24
92.4800;20
92.5000;14
92.5200;14
92.5400;10
92.5600;20
92.5800;10
92.6000;20
92.6200;10
92.6400;16
92.6600;20
92.6800;18
92.7000;16
92.7200;10
92.7400;16
92.7600;14
92.7800;18
92.8000;18
92.8200;22
92.8400;18
92.86008
92.8800;12
92.9000;16
92.9200;16
92.9400;12
92.9600;10
92.9800;14
93.0000;18
93.0200;18
93.0400;14
93.0600;12
93.0800;10
93.1000;24
93.1200;10
93.1400;10
93.1600;16
93.1800;16
93.2000;12
93.2200;18
93.2400;24
93.2600;16
93.2800;18
93.3000;16
93.3200;10
93.34008
93.3600;14
93.3800;14
93.4000;18
93.4200;24
93.4400;10
93.4600;14
93.4800;16
93.5000;14
93.5200;12
93.5400;14
93.5600;12
93.5800;12
93.6000;12
93.6200;16
93.6400;14
93.6600;18
93.6800;18
93.7000;14
93.7200;16
93.7400;12
93.7600;22
93.78006
93.8000;16
93.8200;16
93.8400;10
93.86008
93.8800;14
93.90008
93.9200;10
93.9400;14
93.9600;18
93.9800;14
94.0000;14
94.0200;14
94.0400;14
94.0600;20
94.0800;18
94.1000;12
94.1200;16
94.1400;16
94.1600;16
94.1800;14
94.2000;18
94.2200;14
94.2400;16
94.2600;10
94.2800;14
94.3000;14
94.3200;16
94.3400;18
94.3600;18
94.3800;14
94.4000;22
94.4200;16
94.4400;20
94.4600;12
94.4800;12
94.5000;12
94.52004
94.5400;12
94.5600;20
94.5800;16
94.6000;14
94.6200;14
94.6400;18
94.6600;10
94.68008
94.70008
94.7200;16
94.7400;12
94.7600;12
94.7800;12
94.8000;22
94.82000
94.8400;14
94.8600;12
94.8800;14
94.9000;10
94.9200;18
94.9400;22
94.9600;12
94.9800;12
95.0000;28
